100
4
10 5 15 5
2
100 100
8
81 81 81 81 81 81 81 0
6
23 90 40 0 100 9
2
0 0
10
100 0 100 0 100 0 100 0 100 0
10
100 100 100 100 100 100 100 100 100 0
5
17 30 62 43 47
6
89 1 94 85 80 66
7
84 18 62 0 69 25 36
8
91 84 69 89 26 58 64 13
9
15 39 70 97 20 5 53 40 39
10
82 58 36 11 21 24 8 76 97 44
10
20 48 52 74 11 7 97 72 12 81
10
94 1 64 75 25 1 46 59 29 25
10
69 86 88 36 18 20 86 13 55 15
10
30 48 63 33 77 61 63 25 47 7
10
93 19 86 78 78 75 11 66 5 50
10
34 29 51 51 21 42 72 82 35 30
10
50 73 96 53 44 62 58 85 37 33
10
50 88 88 82 80 24 12 9 75 93
10
50 24 4 34 40 65 70 91 79 57
10
95 49 83 0 16 8 47 26 10 90
10
23 4 65 95 31 8 50 57 61 22
10
78 39 60 27 35 66 73 96 82 41
10
96 84 77 76 73 43 78 72 24 5
10
23 69 2 58 70 50 64 39 53 31
10
92 32 89 30 45 69 38 44 89 48
10
71 14 76 45 24 91 62 74 32 0
10
98 79 82 38 0 66 38 56 23 1
10
92 79 24 47 51 65 55 40 11 41
10
75 9 54 78 9 7 3 14 85 14
10
37 22 86 77 17 69 72 75 83 56
10
36 52 28 57 86 21 73 2 86 19
10
11 83 83 73 70 28 36 75 13 32
10
3 78 33 50 57 76 41 79 73 36
10
32 32 15 27 85 35 37 39 78 92
10
93 39 41 96 74 97 0 45 89 11
10
59 96 11 56 22 14 48 81 67 94
10
85 63 67 9 58 29 76 79 91 5
10
36 23 28 72 9 29 78 70 42 53
10
4 59 20 60 50 74 61 36 91 1
10
57 66 87 89 1 16 58 40 1 65
10
41 5 41 28 34 24 44 25 28 7
10
69 61 28 47 82 18 92 69 90 86
10
36 44 12 4 40 37 69 25 67 85
10
95 91 20 48 67 24 55 26 4 63
10
42 62 56 16 33 18 0 28 42 39
10
46 52 59 27 95 29 23 97 87 3
10
44 28 20 44 53 30 59 85 20 56
10
19 38 63 48 55 43 39 63 49 15
10
60 87 20 94 71 42 52 39 54 39
10
68 65 26 26 0 15 4 10 45 66
10
34 21 7 36 6 50 39 90 85 48
10
38 84 38 18 23 76 99 90 37 19
10
60 35 0 94 87 91 23 69 32 10
10
88 0 60 26 14 54 9 18 34 97
10
32 27 60 23 51 72 85 21 4 63
10
65 27 50 97 92 5 81 35 43 29
10
86 46 21 31 28 89 61 6 27 57
10
2 77 42 65 67 66 50 55 23 63
10
88 0 85 46 76 90 39 95 66 87
10
64 50 97 77 39 59 95 44 16 29
10
38 86 79 21 14 39 45 40 93 2
10
5 77 53 53 71 89 8 75 88 94
10
4 76 38 56 49 97 67 63 95 54
10
34 95 71 86 85 10 90 36 17 84
10
30 92 22 67 93 29 23 1 80 23
10
18 25 22 76 77 9 24 29 43 86
10
99 9 71 88 80 30 37 43 69 53
10
77 82 31 25 24 3 29 3 1 33
10
17 13 76 10 87 87 64 96 85 32
10
91 39 6 93 98 4 96 22 47 5
10
36 40 61 56 20 17 93 88 72 7
10
52 67 23 92 35 20 50 79 71 64
10
56 68 41 44 64 89 4 16 15 12
10
85 6 75 82 42 75 60 83 78 75
10
70 97 69 35 63 63 56 49 63 77
10
41 80 43 72 5 26 96 5 23 55
10
43 75 33 40 48 62 9 50 41 0
10
16 89 28 92 58 97 21 8 90 27
10
24 17 73 51 45 65 11 74 53 56
10
76 77 37 30 79 32 4 83 93 58
10
22 49 71 36 26 23 68 90 58 74
10
13 65 5 82 85 73 45 29 63 98
10
48 39 81 90 24 84 91 41 41 58
10
63 17 73 65 18 98 37 52 11 16
10
16 97 59 67 16 47 49 60 51 91
10
86 68 84 79 96 26 47 48 5 16
10
40 42 31 26 25 82 30 90 39 78
10
35 69 47 76 43 54 22 7 70 22
10
39 44 20 61 17 17 47 46 98 15
10
6 50 1 59 42 23 70 87 20 5
10
41 13 75 7 22 7 95 22 15 18
10
46 56 5 4 95 61 39 56 65 59
10
75 3 4 6 0 88 60 81 87 10
10
32 1 63 93 89 96 76 13 15 4
10
22 55 40 15 73 61 69 69 95 22
10
52 76 31 70 11 18 73 47 35 28
10
5 7 99 40 21 25 88 83 68 16
